1100 560 color1 rgb(190,0,57) 370952659294748673
1103 560 color4 rgb(255,214,53)
1105 560 color6 rgb(0,204,120)
1106 560 color7 rgb(126,237,86)
1101 560 color2 rgb(255,69,0)
1108 560 color9 rgb(0,158,170)
1102 560 color3 rgb(255,168,0)
1110 560 color11 rgb(54,144,234)
1111 560 color12 rgb(81,233,244)
1100 561 color1 rgb(190,0,57)
1104 560 color5 rgb(0,163,104)
1102 561 color3 rgb(255,168,0)
1103 561 color4 rgb(255,214,53)
1104 561 color5 rgb(0,163,104)
1107 560 color8 rgb(0,117,111)
1101 561 color2 rgb(255,69,0)
1105 561 color6 rgb(0,204,120)
1109 560 color10 rgb(36,80,164)
1106 561 color7 rgb(126,237,86)
1107 561 color8 rgb(0,117,111)
1108 561 color9 rgb(0,158,170)
1109 561 color10 rgb(36,80,164)
1110 561 color11 rgb(54,144,234)
1111 561 color12 rgb(81,233,244)
1100 562 color1 rgb(190,0,57)
1101 562 color2 rgb(255,69,0)
1102 562 color3 rgb(255,168,0)
1103 562 color4 rgb(255,214,53)
1104 562 color5 rgb(0,163,104)
1105 562 color6 rgb(0,204,120)
1106 562 color7 rgb(126,237,86)
1107 562 color8 rgb(0,117,111)
1108 562 color9 rgb(0,158,170)
1109 562 color10 rgb(36,80,164)
1110 562 color11 rgb(54,144,234)
1111 562 color12 rgb(81,233,244)
1100 563 color1 rgb(190,0,57)
1101 563 color2 rgb(255,69,0)
1102 563 color3 rgb(255,168,0)
1103 563 color4 rgb(255,214,53)
1107 563 color8 rgb(0,117,111)
1108 563 color9 rgb(0,158,170)
1109 563 color10 rgb(36,80,164)
1105 563 color6 rgb(0,204,120)
1111 563 color12 rgb(81,233,244)
1100 564 color1 rgb(190,0,57)
1101 564 color2 rgb(255,69,0)
1102 564 color3 rgb(255,168,0)
1110 563 color11 rgb(54,144,234)
1104 564 color5 rgb(0,163,104)
1105 564 color6 rgb(0,204,120)
1106 564 color7 rgb(126,237,86)
1106 563 color7 rgb(126,237,86)
1108 564 color9 rgb(0,158,170)
1109 564 color10 rgb(36,80,164)
1110 564 color11 rgb(54,144,234)
1111 564 color12 rgb(81,233,244)
1103 564 color4 rgb(255,214,53)
1101 565 color2 rgb(255,69,0)
1102 565 color3 rgb(255,168,0)
1103 565 color4 rgb(255,214,53)
1104 565 color5 rgb(0,163,104)
1104 563 color5 rgb(0,163,104)
1106 565 color7 rgb(126,237,86)
1107 565 color8 rgb(0,117,111)
1105 565 color6 rgb(0,204,120)
1109 565 color10 rgb(36,80,164)
1110 565 color11 rgb(54,144,234)
1111 565 color12 rgb(81,233,244)
1100 565 color1 rgb(190,0,57)
1101 566 color14 rgb(106,92,255)
1102 566 color15 rgb(129,30,159)
1103 566 color16 rgb(180,74,192)
1107 564 color8 rgb(0,117,111)
1105 566 color18 rgb(255,153,170)
1106 566 color19 rgb(109,72,47)
1107 566 color20 rgb(156,105,38)
1108 566 color21 rgb(0,0,0)
1109 566 color22 rgb(137,141,144)
1110 566 color23 rgb(212,215,217)
1111 566 color24 rgb(255,255,255)
1100 567 color13 rgb(73,58,193)
1101 567 color14 rgb(106,92,255)
1102 567 color15 rgb(129,30,159)
1103 567 color16 rgb(180,74,192)
1104 567 color17 rgb(255,56,129)
1105 567 color18 rgb(255,153,170)
1106 567 color19 rgb(109,72,47)
1107 567 color20 rgb(156,105,38)
1108 567 color21 rgb(0,0,0)
1109 567 color22 rgb(137,141,144)
1110 567 color23 rgb(212,215,217)
1111 567 color24 rgb(255,255,255)
1100 568 color13 rgb(73,58,193)
1101 568 color14 rgb(106,92,255)
1102 568 color15 rgb(129,30,159)
1104 566 color17 rgb(255,56,129)
1103 568 color16 rgb(180,74,192)
1108 565 color9 rgb(0,158,170)
1105 568 color18 rgb(255,153,170)
1106 568 color19 rgb(109,72,47)
1107 568 color20 rgb(156,105,38)
1108 568 color21 rgb(0,0,0)
1109 568 color22 rgb(137,141,144)
1110 568 color23 rgb(212,215,217)
1111 568 color24 rgb(255,255,255)
1100 569 color13 rgb(73,58,193)
1101 569 color14 rgb(106,92,255)
1102 569 color15 rgb(129,30,159)
1103 569 color16 rgb(180,74,192)
1104 568 color17 rgb(255,56,129)
1105 569 color18 rgb(255,153,170)
1106 569 color19 rgb(109,72,47)
1107 569 color20 rgb(156,105,38)
1108 569 color21 rgb(0,0,0)
1109 569 color22 rgb(137,141,144)
1110 569 color23 rgb(212,215,217)
1111 569 color24 rgb(255,255,255)
1100 570 color13 rgb(73,58,193)
1101 570 color14 rgb(106,92,255)
1102 570 color15 rgb(129,30,159)
1103 570 color16 rgb(180,74,192)
1104 570 color17 rgb(255,56,129)
1105 570 color18 rgb(255,153,170)
1106 570 color19 rgb(109,72,47)
1104 569 color17 rgb(255,56,129)
1108 570 color21 rgb(0,0,0)
1109 570 color22 rgb(137,141,144)
1110 570 color23 rgb(212,215,217)
1111 570 color24 rgb(255,255,255)
1100 571 color13 rgb(73,58,193)
1101 571 color14 rgb(106,92,255)
1102 571 color15 rgb(129,30,159)
1103 571 color16 rgb(180,74,192)
1105 571 color18 rgb(255,153,170)
1104 571 color17 rgb(255,56,129)
1107 571 color20 rgb(156,105,38)
1100 566 color13 rgb(73,58,193)
1108 571 color21 rgb(0,0,0)
1110 571 color23 rgb(212,215,217)
1107 570 color20 rgb(156,105,38)
1109 571 color22 rgb(137,141,144)
1106 571 color19 rgb(109,72,47)
1111 571 color24 rgb(255,255,255)
